,Time(sec),Position(mm)
50,10.001,13.797
51,10.201,14.343
52,10.401,14.89
53,10.601,15.437
54,10.801,15.437
55,11.001,15.984
56,11.201,16.53
57,11.401,16.53
58,11.601,17.624
59,11.801,17.624
60,12.001,18.171
61,12.201,18.717
62,12.401,18.717
63,12.601,19.264
64,12.801,19.811
65,13.001,20.358
66,13.201,20.358
67,13.402,20.904
68,13.601,21.451
69,13.801,21.451
70,14.001,21.998
71,14.202,22.545
72,14.401,23.091
73,14.601,23.638
74,14.801,23.638
75,15.001,24.185
76,15.201,24.732
77,15.401,25.278
78,15.602,25.825
79,15.801,25.825
80,16.001,26.372
81,16.201,26.918
82,16.401,26.918
83,16.601,27.465
84,16.802,28.012
85,17.001,28.559
86,17.201,28.559
87,17.401,29.105
88,17.601,29.652
89,17.801,30.199
90,18.001,30.199
91,18.201,30.746
92,18.401,31.292
93,18.601,31.839
94,18.801,31.839
95,19.002,32.386
96,19.201,32.933
97,19.401,33.479
98,19.601,34.026
99,19.802,34.026
100,20.001,34.573
101,20.201,35.12
102,20.401,35.12
103,20.601,35.666
104,20.801,36.213
105,21.002,36.213
106,21.201,36.76
107,21.401,37.307
108,21.601,37.853
109,21.801,37.853
110,22.001,38.4
111,22.201,38.947
112,22.401,39.494
113,22.601,39.494
114,22.801,40.04
115,23.001,40.587
116,23.201,41.134
117,23.401,41.134
118,23.601,41.681
119,23.801,42.227
120,24.001,42.227
121,24.201,42.774
122,24.401,43.321
123,24.601,43.868
124,24.801,43.868
125,25.001,44.414
126,25.201,44.961
127,25.401,45.508
128,25.601,46.055
129,25.802,46.055
130,26.001,46.601
131,26.201,47.148
132,26.402,47.148
133,26.601,47.695
134,26.801,48.241
135,27.001,48.788
136,27.201,48.788
137,27.401,49.335
138,27.601,49.882
139,27.801,50.428
140,28.001,50.428
141,28.201,50.975
142,28.401,51.522
143,28.601,52.069
144,28.801,52.615
145,29.001,52.615
146,29.201,53.162
147,29.401,53.709
148,29.601,53.709
149,29.801,54.256
150,30.002,54.802
151,30.201,55.349
152,30.401,55.349
153,30.601,55.896
154,30.801,56.443
155,31.001,56.989
156,31.201,56.989
157,31.401,57.536
158,31.601,58.083
159,31.801,58.63
160,32.001,59.176
161,32.201,59.176
162,32.401,59.723
163,32.601,60.27
164,32.801,60.27
165,33.001,60.817
166,33.201,61.363
167,33.401,61.91
168,33.601,61.91
169,33.801,62.457
170,34.001,63.004
171,34.201,63.55
172,34.401,63.55
173,34.601,64.097
174,34.801,64.644
175,35.001,65.191
176,35.201,65.737
177,35.401,66.284
178,35.601,66.284
179,35.801,66.831
180,36.001,67.378
181,36.202,67.378
182,36.401,67.924
183,36.601,68.471
184,36.801,69.018
185,37.001,69.018
186,37.201,69.564
187,37.401,70.111
188,37.602,70.658
189,37.801,70.658
190,38.001,71.205
191,38.201,71.751
192,38.401,72.298
193,38.601,72.845
194,38.801,72.845
195,39.001,73.392
196,39.201,73.938
197,39.401,74.485
198,39.601,74.485
199,39.801,75.032
200,40.002,75.579
201,40.201,75.579
202,40.401,76.125
203,40.601,76.672
204,40.801,77.219
205,41.001,77.766
206,41.201,77.766
207,41.401,78.312
208,41.601,78.859
209,41.801,78.859
210,42.001,79.406
211,42.201,79.953
212,42.401,80.499
213,42.602,81.046
214,42.801,81.046
215,43.002,81.593
216,43.201,82.14
217,43.402,82.686
218,43.601,82.686
219,43.801,83.233
220,44.001,83.78
221,44.201,84.327
222,44.401,84.327
223,44.601,84.873
224,44.801,85.42
225,45.001,85.967
226,45.202,85.967
227,45.401,86.514
228,45.601,87.06
229,45.801,87.607
230,46.001,88.154
231,46.201,88.154
232,46.401,88.701
233,46.601,89.247
234,46.801,89.794
235,47.001,89.794
236,47.201,90.341
237,47.401,90.887
238,47.601,90.887
239,47.801,91.434
240,48.001,91.981
241,48.201,92.528
242,48.402,93.074
243,48.601,93.074
244,48.801,93.621
245,49.001,94.168
246,49.201,94.715
247,49.401,94.715
248,49.601,95.261
249,49.801,95.808
250,50.001,96.355
251,50.201,96.355
252,50.401,96.902
253,50.601,97.448
254,50.801,97.448
255,51.001,97.995
256,51.201,98.542
257,51.401,99.089
258,51.601,99.635
259,51.801,99.635
260,52.001,100.182
261,52.201,100.729
262,52.401,101.276
263,52.601,101.276
264,52.801,101.822
265,53.001,102.369
266,53.201,102.916
267,53.401,102.916
268,53.602,103.463
269,53.801,104.009
270,54.001,104.556
271,54.201,104.556
272,54.401,105.103
273,54.601,105.65
274,54.801,106.196
275,55.001,106.743
276,55.201,106.743
277,55.401,107.29
278,55.601,107.837
279,55.801,108.383
280,56.001,108.383
281,56.201,108.93
282,56.401,109.477
283,56.601,110.024
284,56.801,110.024
285,57.001,110.57
286,57.201,111.117
287,57.401,111.664
288,57.601,111.664
289,57.801,112.21
290,58.001,112.757
291,58.201,113.304
292,58.402,113.304
293,58.601,113.851
294,58.801,114.397
295,59.001,114.944
296,59.202,115.491
297,59.401,115.491
298,59.601,116.038
299,59.801,116.584
300,60.001,116.584
301,60.201,117.131
302,60.401,117.678
303,60.601,118.225
304,60.801,118.771
305,61.001,118.771
306,61.201,119.318
307,61.401,119.865
308,61.601,120.412
309,61.801,120.412
310,62.001,120.958
311,62.201,121.505
312,62.401,122.052
313,62.601,122.052
314,62.802,122.599
315,63.001,123.145
316,63.201,123.692
317,63.401,124.239
318,63.601,124.239
319,63.801,124.786
320,64.001,125.332
321,64.201,125.879
322,64.409,125.879
323,64.601,126.426
324,64.801,126.973
325,65.001,127.519
326,65.201,127.519
327,65.409,128.066
328,65.601,128.613
329,65.801,129.16
330,66.002,129.706
331,66.201,129.706
332,66.41,130.253
333,66.601,130.8
334,66.801,131.347
335,67.001,131.347
336,67.201,131.893
337,67.401,132.44
338,67.601,132.44
339,67.801,132.987
340,68.001,133.533
341,68.201,134.08
342,68.402,134.08
343,68.601,134.627
344,68.801,135.174
345,69.001,135.72
346,69.201,136.267
347,69.401,136.267
348,69.602,136.814
349,69.801,137.361
350,70.001,137.907
351,70.201,137.907
352,70.401,138.454
353,70.601,139.001
354,70.801,139.548
355,71.001,139.548
356,71.201,140.094
357,71.401,140.641
358,71.601,141.188
359,71.801,141.188
360,72.001,141.735
361,72.201,142.281
362,72.401,142.828
363,72.601,142.828
364,72.801,143.375
365,73.001,143.922
366,73.201,144.468
367,73.402,144.468
368,73.601,145.015
369,73.802,145.562
370,74.001,146.109
371,74.201,146.655
372,74.401,146.655
373,74.602,147.202
374,74.801,147.749
375,75.001,148.296
376,75.201,148.296
377,75.401,148.842
378,75.601,149.389
379,75.801,149.389
380,76.001,149.936
381,76.201,150.483
382,76.401,151.029
383,76.612,151.576
384,76.801,151.576
385,77.002,152.123
386,77.201,152.67
387,77.401,153.216
388,77.612,153.216
389,77.801,153.763
390,78.001,154.31
391,78.201,154.856
392,78.401,154.856
393,78.601,155.403
394,78.801,155.95
395,79.001,156.497
396,79.201,157.043
397,79.401,157.043
398,79.611,157.59
399,79.801,158.137
400,80.001,158.684
401,80.201,158.684
402,80.401,159.23
403,80.611,159.777
404,80.801,160.324
405,81.001,160.324
406,81.201,160.871
407,81.401,161.417
408,81.601,161.964
409,81.801,161.964
410,82.001,162.511
411,82.201,163.058
412,82.402,163.058
413,82.601,163.604
414,82.802,164.151
415,83.001,164.698
416,83.201,165.245
417,83.401,165.791
418,83.601,165.791
419,83.801,166.338
420,84.001,166.885
421,84.201,167.432
422,84.401,167.432
423,84.601,167.978
424,84.801,168.525
425,85.001,169.072
426,85.201,169.619
427,85.401,169.619
428,85.601,170.165
429,85.801,170.712
430,86.001,171.259
431,86.201,171.259
432,86.401,171.806
433,86.601,172.352
434,86.801,172.899
435,87.001,172.899
436,87.201,173.446
437,87.401,173.992
438,87.601,174.539
439,87.801,174.539
440,88.001,175.086
441,88.201,175.633
442,88.401,176.179
443,88.601,176.179
444,88.801,176.726
445,89.001,177.273
446,89.201,177.82
447,89.402,178.366
448,89.602,178.366
449,89.801,178.913
450,90.001,179.46
451,90.201,180.007
452,90.401,180.007
453,90.601,180.553
454,90.801,181.1
455,91.001,181.1
456,91.201,181.647
457,91.401,182.194
458,91.601,182.74
459,91.801,182.74
460,92.001,183.287
461,92.201,183.834
462,92.402,184.381
463,92.601,184.927
464,92.801,184.927
465,93.001,185.474
466,93.201,186.021
467,93.401,186.568
468,93.601,186.568
469,93.801,187.114
470,94.001,187.661
471,94.201,187.661
472,94.401,188.208
473,94.601,188.755
474,94.801,189.301
475,95.001,189.301
476,95.201,189.848
477,95.401,190.395
478,95.602,190.942
479,95.801,191.488
480,96.001,191.488
481,96.201,192.035
482,96.401,192.582
483,96.601,193.129
484,96.802,193.129
485,97.001,193.675
486,97.201,194.222
487,97.401,194.769
488,97.601,195.316
489,97.801,195.316
490,98.001,195.862
491,98.201,196.409
492,98.401,196.409
493,98.601,196.956
494,98.801,197.502
495,99.001,198.049
496,99.201,198.049
497,99.401,198.596
498,99.601,199.143
499,99.801,199.689
500,100.001,199.689
501,100.202,200.236
502,100.401,200.783
503,100.601,201.33
504,100.801,201.33
505,101.001,201.876
506,101.201,202.423
507,101.401,202.97
508,101.601,202.97
509,101.801,203.517
510,102.001,204.063
511,102.201,204.61
512,102.401,205.157
513,102.601,205.157
514,102.801,205.704
515,103.001,206.25
516,103.201,206.797
517,103.401,206.797
518,103.601,207.344
519,103.801,207.891
520,104.001,208.437
521,104.201,208.437
522,104.401,208.984
523,104.601,209.531
524,104.801,210.078
525,105.001,210.078
526,105.201,210.624
527,105.401,211.171
528,105.601,211.718
529,105.801,211.718
530,106.001,212.265
531,106.201,212.811
532,106.401,213.358
533,106.601,213.358
534,106.801,213.905
535,107.001,214.452
536,107.201,214.998
537,107.401,214.998
538,107.601,215.545
539,107.802,216.092
540,108.001,216.638
541,108.201,216.638
542,108.401,217.185
543,108.601,217.732
544,108.801,217.732
545,109.001,218.279
546,109.201,218.825
547,109.401,219.372
548,109.601,219.919
549,109.801,219.919
550,110.001,220.466
551,110.201,221.012
552,110.401,221.559
553,110.601,221.559
554,110.801,222.106
555,111.001,222.653
556,111.201,223.199
557,111.401,223.746
558,111.601,223.746
559,111.801,224.293
560,112.001,224.293
561,112.201,224.84
562,112.401,225.386
563,112.601,225.933
564,112.801,225.933
565,113.003,226.48
566,113.202,227.027
567,113.401,227.573
568,113.601,228.12
569,113.801,228.12
570,114.001,228.667
571,114.201,229.214
572,114.401,229.76
573,114.601,229.76
574,114.801,230.307
575,115.001,230.854
576,115.201,230.854
577,115.401,231.401
578,115.601,231.947
579,115.801,232.494
580,116.001,232.494
581,116.202,233.041
582,116.401,233.588
583,116.601,234.134
584,116.801,234.134
585,117.003,234.681
586,117.201,235.228
587,117.401,235.775
588,117.602,235.775
589,117.801,236.321
590,118.001,236.868
591,118.201,237.415
592,118.401,237.415
593,118.601,237.962
594,118.801,238.508
595,119.001,238.508
596,119.201,239.055
597,119.401,239.602
598,119.601,240.148
599,119.801,240.148
