Motion Through Fluids Experiment Wed, Mar 02, 2022 10:01 AM
Time(sec)	Position(mm)
0.019	0.000
0.219	0.000
0.420	0.000
0.619	0.000
0.819	0.000
1.019	0.000
1.219	0.000
1.419	0.000
1.619	0.000
1.819	0.000
2.019	0.000
2.219	0.000
2.419	0.000
2.619	0.000
2.819	0.675
3.019	0.000
3.219	1.222
3.419	1.768
3.620	1.768
3.819	2.315
4.019	2.862
4.219	2.862
4.419	3.409
4.619	3.955
4.819	3.955
5.019	4.502
5.219	5.049
5.419	5.049
5.619	5.595
5.819	5.595
6.019	6.142
6.219	6.689
6.420	7.236
6.619	7.782
6.819	7.782
7.019	8.329
7.219	8.329
7.419	8.876
7.619	9.423
7.819	9.423
8.019	9.969
8.219	10.516
8.419	11.063
8.619	11.063
8.820	11.610
9.019	12.156
9.219	12.703
9.419	12.703
9.619	13.250
9.819	13.797
10.019	13.797
10.219	14.343
10.419	14.890
10.619	15.437
10.820	15.437
11.019	15.984
11.219	16.530
11.419	17.077
11.619	17.077
11.819	17.624
12.019	18.171
12.220	18.717
12.419	18.717
12.619	19.264
12.819	19.811
13.019	19.811
13.219	20.358
13.419	20.904
13.619	21.451
13.819	21.451
14.019	21.998
14.219	22.545
14.419	23.091
14.619	23.091
14.819	23.638
15.019	24.185
15.219	24.732
15.419	24.732
15.619	25.278
15.819	25.825
16.019	25.825
16.219	26.372
16.419	26.918
16.619	27.465
16.819	28.012
17.019	28.012
17.219	28.559
17.419	29.105
17.619	29.652
17.819	29.652
18.019	30.199
18.219	30.746
18.419	30.746
18.619	31.292
18.819	31.839
19.019	31.839
19.219	32.386
19.419	32.933
19.619	33.479
19.819	34.026
20.019	34.026
20.219	34.573
20.419	35.120
20.619	35.666
20.819	35.666
21.019	36.213
21.219	36.760
21.419	36.760
21.619	37.307
21.819	37.853
22.019	38.400
22.219	38.400
22.419	38.947
22.619	39.494
22.819	40.040
23.020	40.587
23.219	40.587
23.419	41.134
23.619	41.681
23.820	41.681
24.020	42.227
24.220	42.774
24.419	42.774
24.619	43.321
24.819	43.868
25.019	44.414
25.220	44.414
25.419	45.508
25.619	45.508
25.820	46.055
26.019	46.601
26.219	47.148
26.420	47.148
26.619	47.695
26.819	48.241
27.019	48.241
27.219	48.788
27.419	49.335
27.619	49.882
27.819	49.882
28.019	50.428
28.219	50.975
28.419	51.522
28.619	52.069
28.819	52.069
29.019	52.615
29.219	53.162
29.419	53.709
29.619	54.256
29.819	54.256
30.019	54.802
30.219	55.349
30.420	55.349
30.619	55.896
30.819	56.443
31.019	56.989
31.219	56.989
31.419	57.536
31.619	58.083
31.819	58.630
32.020	59.176
32.219	59.723
32.419	59.723
32.620	60.270
32.819	60.270
33.019	60.817
33.219	61.363
33.419	61.910
33.619	61.910
33.819	62.457
34.019	63.004
34.219	63.550
34.419	63.550
34.619	64.097
34.819	64.644
35.019	65.191
35.219	65.737
35.419	65.737
35.619	66.284
35.819	66.831
36.019	66.831
36.219	67.378
36.419	67.924
36.619	68.471
36.819	68.471
37.019	69.018
37.219	69.564
37.419	70.111
37.620	70.658
37.819	70.658
38.019	71.205
38.219	71.751
38.419	72.298
38.619	72.298
38.819	72.845
39.019	73.392
39.219	73.938
39.419	73.938
39.619	74.485
39.819	75.032
40.019	75.579
40.219	75.579
40.419	76.125
40.619	76.672
40.819	77.219
41.019	77.219
41.219	77.766
41.419	78.312
41.619	78.859
41.819	78.859
42.019	79.406
42.219	79.953
42.419	80.499
42.619	80.499
42.819	81.046
43.019	81.593
43.219	82.140
43.419	82.140
43.619	82.686
43.820	83.233
44.019	83.780
44.219	83.780
44.419	84.327
44.619	84.873
44.819	85.420
45.019	85.967
45.219	85.967
45.419	86.514
45.619	87.060
45.819	87.607
46.019	87.607
46.219	88.154
46.419	88.701
46.619	89.247
46.819	89.247
47.019	89.794
47.219	90.341
47.419	90.887
47.619	90.887
47.819	91.434
48.019	91.981
48.219	92.528
48.419	93.074
48.619	93.074
48.819	93.621
49.019	94.168
49.219	94.168
49.419	94.715
49.619	95.261
49.820	95.808
50.019	95.808
50.219	96.355
50.419	96.902
50.619	97.448
50.819	97.995
51.019	98.542
51.219	98.542
51.419	99.089
51.619	99.635
51.819	99.635
52.019	100.182
52.219	100.729
52.419	101.276
52.619	101.276
52.819	101.822
53.019	102.369
53.219	102.916
53.419	103.463
53.619	103.463
53.819	104.009
54.019	104.556
54.220	105.103
54.419	105.103
54.619	105.650
54.819	106.196
55.019	106.196
55.220	106.743
55.419	107.290
55.619	107.837
55.819	108.383
56.020	108.383
56.219	108.930
56.419	109.477
56.619	110.024
56.819	110.024
57.019	110.570
57.219	111.117
57.420	111.664
57.620	111.664
57.819	112.210
58.019	112.757
58.219	113.304
58.419	113.304
58.619	113.851
58.819	114.397
59.019	114.944
59.219	115.491
59.419	115.491
59.619	116.038
59.819	116.584
60.019	117.131
60.219	117.131
60.419	117.678
60.619	118.225
60.819	118.771
61.019	119.318
61.219	119.318
61.419	119.865
61.619	120.412
61.819	120.958
62.019	120.958
62.219	121.505
62.419	122.052
62.619	122.599
62.819	122.599
63.019	123.145
63.219	123.692
63.420	124.239
63.620	124.239
63.819	124.786
64.019	125.332
64.219	125.879
64.419	126.426
64.619	126.426
64.819	126.973
65.019	127.519
65.219	127.519
65.419	128.066
65.619	128.613
65.819	129.160
66.019	129.706
66.219	129.706
66.419	130.253
66.619	130.800
66.819	131.347
67.019	131.347
67.219	131.893
67.419	132.440
67.619	132.987
67.819	132.987
68.019	133.533
68.219	134.080
68.419	134.627
68.619	134.627
68.819	135.174
69.019	135.720
69.219	136.267
69.419	136.267
69.619	136.814
69.819	137.361
70.019	137.907
70.219	137.907
70.419	138.454
70.619	139.001
70.820	139.548
71.019	140.094
71.219	140.094
71.419	140.641
71.619	141.188
71.819	141.735
72.019	142.281
72.219	142.281
72.419	142.828
72.619	143.375
72.819	143.375
73.019	143.922
73.219	144.468
73.419	145.015
73.619	145.015
73.819	145.562
74.020	146.109
74.219	146.655
74.419	146.655
74.619	147.202
74.819	147.749
75.019	148.296
75.219	148.842
75.419	148.842
75.619	149.389
75.819	149.936
76.019	150.483
76.219	150.483
76.419	151.029
76.619	151.576
76.819	152.123
77.019	152.670
77.219	152.670
77.419	153.216
77.619	153.763
77.819	154.310
78.019	154.310
78.219	154.856
78.419	155.403
78.619	155.950
78.820	155.950
79.019	156.497
79.219	157.043
79.419	157.590
79.619	158.137
79.820	158.137
80.019	158.684
80.219	159.230
80.420	159.777
80.619	159.777
80.819	160.324
81.019	160.871
81.219	161.417
81.419	161.417
81.619	161.964
81.819	162.511
82.019	163.058
82.219	163.058
82.419	163.604
82.619	164.151
82.819	164.698
83.019	164.698
83.219	165.245
83.419	165.791
83.619	166.338
83.819	166.885
84.019	166.885
84.219	167.432
84.419	167.978
84.619	168.525
84.820	168.525
85.019	169.072
85.219	169.619
85.420	170.165
85.619	170.165
85.819	170.712
86.019	171.259
86.219	171.806
86.419	171.806
86.619	172.352
86.819	172.899
87.019	173.446
87.219	173.992
87.419	173.992
87.619	174.539
87.819	175.086
88.019	175.086
88.219	175.633
88.420	176.179
88.619	176.726
88.819	177.273
89.019	177.273
89.219	177.820
89.419	178.366
89.619	178.366
89.819	178.913
90.019	179.460
90.219	180.007
90.419	180.553
90.619	180.553
90.819	181.100
91.019	181.647
91.219	182.194
91.419	182.194
91.619	182.740
91.820	183.287
92.019	183.287
92.219	183.834
92.419	184.381
92.619	184.927
92.819	185.474
93.019	185.474
93.219	186.021
93.419	186.568
93.619	187.114
93.819	187.114
94.019	187.661
94.219	188.208
94.419	188.755
94.619	188.755
94.819	189.301
95.019	189.848
95.219	190.395
95.419	190.395
95.619	190.942
95.819	191.488
96.019	192.035
96.219	192.582
96.419	192.582
96.619	193.129
96.819	193.675
97.019	194.222
97.219	194.222
97.419	194.769
97.619	195.316
97.819	195.316
98.019	195.862
98.219	196.409
98.419	196.956
98.619	197.502
98.819	197.502
99.019	198.049
99.219	198.596
99.419	199.143
99.620	199.689
99.819	199.689
100.019	200.236
100.219	200.783
100.419	201.330
100.619	201.330
100.819	201.876
101.019	201.876
101.219	202.423
101.419	202.970
101.620	203.517
101.819	204.063
102.019	204.063
102.219	204.610
102.420	205.157
102.619	205.704
102.819	206.250
103.019	206.250
103.219	206.797
103.419	207.344
103.619	207.344
103.819	207.891
104.019	208.437
104.219	208.984
104.419	208.984
104.619	209.531
104.819	210.078
105.019	210.624
105.219	211.171
105.419	211.171
105.619	211.718
105.819	212.265
106.019	212.811
106.219	212.811
106.419	213.358
106.619	213.905
106.819	214.452
107.019	214.452
107.219	214.998
107.419	215.545
107.619	216.092
107.819	216.092
108.019	216.638
108.219	217.185
108.419	217.732
108.619	217.732
108.819	218.279
109.019	218.825
109.220	218.825
109.419	219.372
109.619	219.919
109.819	220.466
110.019	221.012
110.219	221.012
110.419	221.559
110.619	222.106
110.819	222.653
111.019	222.653
111.220	223.199
111.419	223.746
111.619	223.746
111.819	224.293
112.019	224.840
112.219	225.386
112.419	225.386
112.619	225.933
112.819	226.480
113.019	227.027
113.219	227.573
113.419	227.573
113.619	228.120
113.819	228.667
114.019	228.667
114.219	229.214
114.419	229.760
114.619	230.307
114.819	230.307
115.019	230.854
115.219	231.401
115.419	231.947
115.619	231.947
115.819	232.494
116.019	233.041
116.219	233.588
116.419	233.588
116.619	234.134
116.819	234.681
117.020	234.681
117.219	235.228
117.419	235.775
117.619	236.321
117.819	236.868
118.019	236.868
118.219	237.415
118.419	237.962
118.619	238.508
118.819	238.508
119.019	239.055
119.219	239.602
119.419	239.602
119.619	240.148
119.819	240.695
120.019	241.242
120.219	241.242
120.419	241.789
120.619	242.335
120.819	242.882
121.019	242.882
121.219	243.429
121.419	243.976
121.619	244.522
121.819	244.522
122.019	245.069
122.219	245.616
122.419	246.163
122.619	246.709
122.819	246.709
123.019	247.256
123.219	247.256
123.419	247.803
123.619	248.350
123.819	248.896
124.019	248.896
124.219	249.443
124.419	249.990
124.619	250.537
124.819	250.537
125.020	251.083
125.219	251.083
125.419	251.630
125.619	252.177
125.819	252.724
126.019	252.724
126.219	253.817
126.419	253.817
126.619	254.364
126.819	254.911
127.019	254.911
127.219	255.457
127.419	255.457
127.619	0.000
127.819	0.000
128.020	0.000
128.219	0.000
128.419	0.000
128.619	0.000
128.819	0.000
129.019	0.000
129.219	0.000
129.419	0.000
129.619	0.000
129.819	0.000